28 29_04 01.45 358,359  
28 29_05 01.45 233,373   
28 29_04 01.46 381,340  
28 29_05 01.46 271,332
28 29_04 01.47 390,255  
28 29_05 01.47 358,255
28 29_04 01.48 444,208  
28 29_05 01.48 368,235
28 29_04 01.49 466,149  
28 29_05 01.49 402,179
28 29_04 01.50 
28 29_05 01.50 
28 14_01 01.56 422,70
28 14_01 01.57 397,82
28 14_01 01.58 369,136
28 14_01 01.59 348,176
28 14_01 02.00 328,247
28 14_01 02.01 308,298
28 14_01 02.02 264,345
28 14_02 03.22 390,357
28 14_03 03.22 231,369
28 14_02 03.23 452,245
28 14_03 03.23 296,329
28 14_02 03.24 487,165
28 14_03 03.24 351,250
28 14_02 03.25 515,110
28 14_03 03.25 397,118
28 14_02 03.26 549,130
28 14_03 03.26 446,116
28 14_02 03.27 570,100
28 14_03 03.27 507,57
28 14_01 03.43 425,86
28 14_01 03.44 391,112
28 14_01 03.45 375,187
28 14_01 03.46 359,255
28 14_01 03.47 322,319
28 14_01 03.48 228,363
28 14_01 04.52 437,67
28 14_01 04.53 408,96
28 14_01 04.54 389,148
28 14_01 04.55 398,196
28 14_01 04.55 401,230
28 14_01 04.56 396,245
28 14_01 04.57 412,273
28 14_01 04.58 400,363
28 29_04 05.12 408,383  
28 29_05 05.12 269,347
28 29_04 05.13 426,259  
28 29_05 05.13 337,310
28 29_04 05.14 438,222  
28 29_05 05.14 360,251
28 29_04 05.15 477,199  
28 29_05 05.15 397,190
28 29_04 05.16 521,120  
28 29_05 05.16 441,111
28 14_02 06.28 395,384
28 14_03 06.28 226,361
28 14_02 06.29 456,312
28 14_03 06.29 295,312
28 14_02 06.30 481,222
28 14_03 06.30 344,281
28 14_02 06.31 489,202
28 14_03 06.31 381,220
28 14_02 06.32 509,133
28 14_03 06.32 423,138
28 14_02 06.33 546,120
28 14_03 06.33 471,112
28 14_02 06.34 573,100
28 14_03 06.34 518,83
28 14_01 06.44 513,99
28 14_01 06.45 479,114
28 14_01 06.46 443,195
28 14_01 06.47 409,210
28 14_01 06.48 364,288
28 14_01 06.49 255,389
