6 06_01 00.01 
6 06_01 00.02 
6 06_01 00.03 
6 06_01 00.04 
6 06_01 00.05 
6 06_01 00.06 
6 06_01 00.07 
6 06_01 00.08 
6 06_01 00.09 
6 06_01 00.10
6 06_01 00.11
6 06_01 00.12
6 06_01 00.13 213,231
6 06_01 00.14 218,269
6 06_01 00.15 205,291
6 06_01 00.16 158,326
6 06_01 00.17 128,325
6 07_01 00.20 155,362
6 07_01 00.21 118,228
6 07_01 00.22 118,228
6 07_01 00.23 109,294
6 07_01 00.24 80,276
6 07_01 00.25 89,290
6 07_01 00.26 89,290
6 07_01 00.27 75,280
6 07_01 00.28 75,280
6 07_01 00.29 75,280
6 07_01 00.30 75,280
6 07_01 00.31 75,280
6 07_01 00.32 62,299
6 07_01 00.33 43,272
6 07_01 00.34 60,260
6 07_01 00.35 60,260
6 07_01 00.36 74,251
6 06_01 00.39 391,287
6 06_01 00.40 391,287
6 06_01 00.41 374,264
6 06_01 00.42 350,230
6 06_01 00.43 305,192
6 06_01 00.44 264,170
6 06_01 00.45 260,150
6 06_01 00.46 260,140
6 06_01 00.47 260,130
6 06_01 00.48 258,102
6 06_01 00.49 240,90
6 06_01 00.50 239,80
6 06_01 00.51 237,77
6 06_01 00.52
6 06_01 00.53
6 06_01 00.54
6 06_01 00.55
6 06_01 00.56
6 06_01 00.57
6 06_01 00.58
6 06_01 00.59
6 06_01 01.00
6 06_01 01.01
6 06_01 01.02
6 06_01 01.03
6 06_01 01.04
6 06_01 01.05
6 06_01 01.06
6 06_01 01.07
6 06_01 01.08
6 06_01 01.09
6 06_01 01.10
6 06_01 01.11
6 06_01 01.12
6 06_01 01.13
6 06_01 01.14
6 06_01 01.15
6 06_01 01.16
6 06_01 01.17
6 06_01 01.18
6 06_01 01.19
6 06_01 01.20



6 06_03 01.14 309,101
6 06_03 01.15 290,111
6 06_03 01.16 255,130
6 06_03 01.17 255,135
6 06_03 01.18 255,140
6 06_03 01.19 238,134
6 06_03 01.20 218,120
6 06_03 01.21 213,113
6 06_03 01.22 175,237
6 06_03 01.23 175,237
6 06_03 01.24 175,237
6 06_03 01.25 152,233
6 06_03 01.26 136,341
6 06_02 01.14 348,86
6 06_02 01.15 336,97
6 06_02 01.16 330,99
6 06_02 01.17 330,108
6 06_02 01.18 330,108
6 06_02 01.19 309,116
6 06_02 01.20 309,130
6 06_02 01.21 309,135
6 06_02 01.22 315,218
6 06_02 01.23 315,218
6 06_02 01.24 315,218
6 06_02 01.25 362,340
6 06_02 01.26 365,369
6 06_04 01.14 382,73
6 06_04 01.15 338,97
6 06_04 01.16
6 06_04 01.17
6 06_04 01.18 
6 06_04 01.19
6 06_04 01.20
6 06_04 01.21
6 06_04 01.22 
6 06_04 01.23 239,218
6 06_04 01.24 239,218
6 06_04 01.25 245,240
6 06_04 01.26 244,355
6 06_05 01.24 364,88
6 06_05 01.25 330,104
6 06_05 01.26 340,120
6 06_05 01.27 340,130
6 06_05 01.28 340,140
6 06_05 01.29 340,150
6 06_05 01.30 350,164
6 06_05 01.31 342,170
6 06_05 01.32 360,192
6 06_05 01.33 382,197
6 06_05 01.34 400,214
6 06_05 01.35 450,254
6 06_05 01.36 470,317
6 06_06 01.33 310,121
6 06_06 01.34 310,120
6 06_06 01.35 310,120
6 06_06 01.36 304,115
6 06_06 01.37 296,115
6 06_06 01.38 296,115
6 06_06 01.39 280,147
6 06_06 01.40 280,167
6 06_06 01.41 288,187
6 06_06 01.42 283,238
6 06_06 01.43 300,291
6 06_06 01.44 300,349
6 06_07 02.12 
6 06_08 02.12
6 06_07 02.13
6 06_08 02.13
6 06_07 02.14
6 06_08 02.14
6 06_07 02.15 295,102
6 06_08 02.15 336,83
6 06_07 02.16 291,125
6 06_08 02.16 344,104
6 06_07 02.17 295,123
6 06_08 02.17 343,109
6 06_07 02.18 289,135
6 06_08 02.18 347,107
6 06_07 02.19 277,151
6 06_08 02.19 349, 130
6 06_07 02.20 268,173
6 06_08 02.20 350,150
6 06_07 02.21 251,324
6 06_08 02.21 353,183
6 06_07 02.22 251,245
6 06_08 02.22 352,217
6 06_07 02.23 245,291
6 06_08 02.23 359,250
6 06_07 02.24 230,395
6 06_08 02.24 397,347
6 06_09 02.17 499,341
6 06_09 02.18 502,293
6 06_09 02.19 508,289
6 06_09 02.20 488,241
6 06_09 02.21 468,195
6 06_09 02.22 437,178
6 06_09 02.23 418,153
6 06_09 02.24 408,134
6 06_09 02.25 393,108
6 06_09 02.26 389,102
6 06_09 02.27 379,100
6 06_09 02.28 371,100
6 06_09 02.29 371,91
6 06_09 02.30 
6 06_09 02.31
6 06_09 02.32
6 06_09 02.33
6 06_09 02.34
6 06_09 02.35
6 06_09 02.36
6 06_09 02.37
6 06_09 02.38
6 06_09 02.39
6 06_09 02.40 391,79          
6 29_01 02.40 428,380
6 29_01 02.41 413,330
6 29_01 02.42 390,250
6 29_01 02.43 390,250
6 29_01 02.44 368,180
6 29_01 02.45 368,169
6 29_01 02.46 360,150
6 29_01 02.47 350,120	
6 29_01 02.48 350,120
6 29_01 02.49
6 29_01 02.50
6 29_01 02.51
6 29_01 02.52
6 06_01 02.51
6 06_01 02.52
6 06_01 02.53
6 06_01 02.54
6 06_01 02.55
6 06_01 02.56
6 14_02 02.45 270,111
6 14_03 02.45 331,124
6 14_02 02.46 270,111
6 14_03 02.46 331,128
6 14_02 02.47 270,111
6 14_03 02.47 331,130
6 14_02 02.48 260,136
6 14_03 02.48 331,149
6 14_02 02.49 260,156
6 14_03 02.49 340,196
6 14_02 02.50 250,186
6 14_03 02.50 347,218
6 14_02 02.51 237,251
6 14_03 02.51 370,270
6 14_02 02.52 237,324
6 14_03 02.52 428,389
//
6 22_02 02.56 192,374
6 22_02 02.57 200,340
6 22_02 02.58 235,290
6 22_02 02.59 249,240
6 22_02 03.00 263,215
6 22_02 03.00 270,202
6 22_02 03.01 301,157
6 22_02 03.02 304,148
6 22_02 03.03 314,138
6 22_02 03.04 314,130
6 01_01 02.59 
6 01_01 03.00
6 01_01 03.01
6 01_01 03.02
6 01_01 03.03 253,98
6 01_01 03.04 250,90
6 01_01 03.05 250,117
6 01_01 03.06 242,127
6 01_01 03.07 233,141
6 01_01 03.08 229,195
6 01_01 03.09 224,220
6 01_01 03.10 224,245
6 01_01 03.11 205,339
6 01_02 03.04
6 01_02 03.05 301,139
6 01_02 03.06 301,140
6 01_02 03.07 313,150
6 01_02 03.08 316,188
6 01_02 03.09 313,200
6 01_02 03.10 313,224
6 01_02 03.11 300,280
6 22_02 03.13 500,379
6 22_02 03.14 457,337
6 22_02 03.15 400,270
6 22_02 03.16 365,216
6 22_02 03.17 350,189
6 22_02 03.18 344,163
6 22_02 03.19 327,149
6 22_02 03.20 327,130
6 22_02 03.21 327,130
6 22_02 03.22 
6 22_02 03.23 
6 22_02 03.24
6 22_02 03.25 
6 22_02 03.26 
6 29_01 04.02 292,270
6 29_01 04.03 292,269
6 29_01 04.04 291,247
6 29_01 04.05 285,197
6 29_01 04.06 285,150
6 29_01 04.07 285,140
6 29_01 04.08 287,137
6 29_01 04.09 295,120
6 29_01 04.10 295,80
6 29_01 04.11 308,69
6 29_04 04.27 279,125
6 29_05 04.27 321,120
6 29_04 04.28 280,130
6 29_05 04.28 333,136
6 29_04 04.29 280,118
6 29_05 04.29 321,120
6 29_04 04.30 280,150
6 29_05 04.30 347,160
6 29_04 04.31 280,183
6 29_05 04.31 340,180
6 29_04 04.32 276,217
6 29_05 04.32 360,212
6 06_07 04.35 316,84
6 06_08 04.35 345,85
6 06_07 04.36 310,85
6 06_08 04.36 350,99
6 06_07 04.37 313,112
6 06_08 04.37 350,107
6 06_07 04.38 313,112
6 06_08 04.38 350,107
6 06_07 04.39 321,121
6 06_08 04.39 350,115
6 06_07 04.40 318,154
6 06_08 04.40 379,131
6 06_07 04.41 306,186
6 06_08 04.41 382,139
6 06_07 04.42 300,200
6 06_08 04.42 381,180
6 06_07 04.43 295,240
6 06_08 04.43 385,183
6 06_07 04.44 286,297
6 06_08 04.44 400,295
6 06_07 04.45 276,380
6 06_08 04.45 427,326
6 22_02 04.48 423,342
6 22_02 04.49 398,292
6 22_02 04.50 367,262
6 22_02 04.51 350,229
6 22_02 04.52 341,180
6 22_02 04.53 339,108
6 22_02 04.54 335,106
6 22_02 04.55 327,100
6 22_02 04.56 326,75
6 22_02 04.57 326,75
6 14_02 05.44 
6 14_03 05.44 334,96
6 14_02 05.45 
6 14_03 05.45 334,96
6 14_02 05.46 288,122
6 14_03 05.46 347,87
6 14_02 05.47 281,131
6 14_03 05.47 350,86
6 14_02 05.48 281,131
6 14_03 05.48 350,88
6 14_02 05.49 281,140
6 14_03 05.49 352,107
6 14_02 05.50 267,110
6 14_03 05.50 343,135
6 14_02 05.51 267,130
6 14_03 05.51 336,135
6 14_02 05.52 257,148
6 14_03 05.52 328,178
6 14_02 05.53 241,175
6 14_03 05.53 331,215
6 14_02 05.54 221,209
6 14_03 05.54 329,264
6 14_02 05.55 189,313
6 14_03 05.55 345,334
6 14_02 05.56 157,375
6 14_03 05.56 373,386
6 06_07 05.56 
6 06_08 05.56
6 06_07 05.57
6 06_08 05.57
6 06_07 05.58
6 06_08 05.58
6 06_07 05.59
6 06_08 05.59
6 06_07 06.00 304,126
6 06_08 06.00 352,96
6 06_07 06.01 292,138
6 06_08 06.01 352,130
6 06_07 06.02 
6 06_08 06.02
6 06_07 06.03
6 06_08 06.03
6 06_07 06.04 257,184
6 06_08 06.04 300,175
6 06_07 06.05 250,202
6 06_08 06.05 317,154
6 06_07 06.06 243,236
6 06_08 06.06 281,265
6 06_07 06.07 230,255
6 06_08 06.07 250,250
6 06_07 06.08 207,348
6 06_08 06.08 327,357
6 06_07 06.09 207,348
6 06_08 06.09 327,360
6 29_01 06.04 424,382
6 29_01 06.05 425,299
6 29_01 06.06 400,250
6 29_01 06.07 377,210
6 29_01 06.08 353,170
6 29_01 06.09 347,150
6 29_01 06.10 333,140
6 29_01 06.11 325,118
6 29_01 06.12 320,92
6 29_01 06.13 320,92
6 29_01 06.14 317,73
6 22_02 06.15 362,362
6 22_02 06.16 349,306
6 22_02 06.17 348,295
6 22_02 06.18 341,256
6 22_02 06.19 328,224
6 22_02 06.20 308,130
6 22_02 06.21 330,80
6 22_02 06.22 330,80
6 22_02 06.23 330,80
6 22_02 06.24 330,80
6 22_02 06.25 330,80
6 22_02 06.26 330,70
6 22_02 06.27
6 22_02 06.28
6 29_01 07.23 309,384
6 29_01 07.24 312,360
6 29_01 07.25 331,150
6 29_01 07.26 312,140
6 29_01 07.27 312,130
6 29_01 07.28 310,120
6 29_01 07.29 310,115
6 29_01 07.30 312,115
6 29_01 07.31 321,91 
6 29_01 07.32 322,90
6 29_01 07.33 326,87
6 29_01 07.34 322,80
6 29_04 07.45 272,98 
6 29_05 07.45
6 29_04 07.45 271,108 
6 29_05 07.45
6 29_04 07.46 271,98 
6 29_05 07.46
6 29_04 07.47 272,98 
6 29_05 07.47
6 29_04 07.48 266,127 
6 29_05 07.48 311,155
6 29_04 07.49 261,137 
6 29_05 07.49 313,155
6 29_04 07.50 257,166 
6 29_05 07.50 317,174
6 29_04 07.51 247,196 
6 29_05 07.51 317,200
6 29_04 07.52 237,200 
6 29_05 07.52 317,220
6 29_04 07.53 230,250 
6 29_05 07.53 327,250
6 29_04 07.54 175,334 
6 29_05 07.54 327,378