23 23_01 01.42 287,239
23 23_01 01.43 345,273
23 23_01 01.44 386,330
23 29_01 01.51 373,343
23 29_01 01.52 372,258
23 29_01 01.53 373,187
23 29_01 01.54 373,135
23 29_01 01.55 380,106  
23 29_01 01.56 380,80
23 29_01 01.57 369,43
23 29_01 01.58 369,41
23 29_01 01.59 363,23
23 29_01 02.00 358,33
23 06_05 01.54 289,40
23 06_05 01.55 281,54
23 06_05 01.56 271,80
23 06_05 01.57 259,100
23 06_05 01.58 238,130
23 06_05 01.59 238,152
23 06_05 02.00 245,193
23 06_05 02.01 269,246
23 06_05 02.02 245,333
23 22_02 02.09 391,320
23 22_02 02.10 379,223
23 22_02 02.11 375,148
23 22_02 02.12 375,101
23 22_02 02.13 380,44
23 22_02 02.14 375,30
23 22_02 02.15 375,20
23 14_01 02.25 393,350
23 14_01 02.26 393,261
23 14_01 02.27 393,190
23 14_01 02.28 393,150
23 14_01 02.29 400,100
23 14_01 02.30 400,60
23 14_01 02.31 400,48
23 14_01 02.31 400,48
23 29_04 02.33 332,50
23 29_05 02.33 389,50
23 29_04 02.34 332,68
23 29_05 02.34 389,70
23 29_04 02.35 332,86
23 29_05 02.35 389,90
23 29_04 02.36 332,100 
23 29_05 02.36 389,108
23 29_04 02.37 310,150
23 29_05 02.37 389,180
23 29_04 02.38 310,173
23 29_05 02.38 395,222
23 29_04 02.39 304,222
23 29_05 02.39 416,259
23 29_04 02.40 272,347
23 29_05 02.40 461,344
23 06_07 02.40 315,80
23 06_08 02.40
23 06_07 02.41 315,90
23 06_08 02.41 394,70 
23 06_07 02.42 
23 06_08 02.42 
23 06_07 02.43 
23 06_08 02.43
23 06_07 02.44 
23 06_08 02.44
23 06_07 02.45 297,119 
23 06_08 02.45 373,111
23 06_07 02.46 290,160 
23 06_08 02.46 371,120
23 06_07 02.47 296,145 
23 06_08 02.47 400,155      
23 06_07 02.48 275,227
23 06_08 02.48 422,206
23 06_07 02.49 250,345
23 06_08 02.49 433,262
23 06_07 02.50 
23 06_08 02.50 437,361
23 14_04 02.49
23 14_04 02.50
23 14_04 02.51 335,120
23 14_04 02.52 335,135
23 14_04 02.53 335,170
23 14_04 02.54 331,200
23 14_04 02.55 335,247
23 14_04 02.56 357,318
23 14_04 02.57 360,410
23 14_02 03.03
23 14_03 03.03
23 14_02 03.04  
23 14_03 03.04 405,104
23 14_02 03.05 308,143  
23 14_03 03.05 407,131
23 14_02 03.06 290,182
23 14_03 03.06 416,170
23 14_02 03.07 302,230
23 14_03 03.07 430,230
23 14_02 03.08 308,360  
23 14_03 03.08 473,360
23 29_01 03.20 381,343
23 29_01 03.21 381,246
23 29_01 03.22 381,180
23 29_01 03.23 381,140
23 29_01 03.24 400,95
23 29_01 03.25 411,78
23 29_01 03.26 420,60
23 29_01 03.27 445,40
23 29_01 03.28 458,41
23 29_01 03.29 458,50
23 29_01 03.30 458,50
23 29_01 03.31 458,50
23 22_02 04.05 488,263
23 22_02 04.06 450,170
23 22_02 04.07 442,103
23 22_02 04.08 432,77
23 22_02 04.09 420,77
23 22_02 04.10 415,50
23 22_02 04.11 400,30
23 14_02 04.05 328,42 
23 14_03 04.05 370,42
23 14_02 04.06 328,60
23 14_03 04.06 370,54
23 14_02 04.07 308,100
23 14_03 04.07 362,82
23 14_02 04.08 300,115
23 14_03 04.08 362,109
23 14_02 04.09 300,144
23 14_03 04.09 398,120
23 14_02 04.10 300,200
23 14_03 04.10 398,170
23 14_02 04.11 340,238
23 14_03 04.11 437,253
23 14_02 04.12 
23 14_03 04.12 491,335
23 14_01 04.13 291,206
23 14_01 04.14 335,167
23 14_01 04.15 351,142
23 14_01 04.16 383,100
23 14_01 04.17 377,53
23 14_01 04.18 358,20
23 14_01 04.19 358,20
23 14_01 04.20 358,20
23 29_04 04.48 332,75
23 29_05 04.48 392,70
23 29_04 04.49 332,76
23 29_05 04.49 389,80
23 29_04 04.50 332,92
23 29_05 04.50 389,107
23 29_04 04.51 322,113
23 29_05 04.51 388,121
23 29_04 04.52 304,149
23 29_05 04.52 388,160
23 29_04 04.53 297,181
23 29_05 04.53 394,216
23 29_04 04.54 279,274
23 29_05 04.54 400,287
23 29_04 04.55 248,367
23 29_05 04.55 
23 29_06 05.15 371,356
23 29_06 05.16 384,216
23 29_06 05.17 384,180
23 29_06 05.18 400,137
23 29_06 05.19 410,64
23 29_06 05.20 410,70
23 29_06 05.21 410,60
23 29_06 05.22 405,24
23 29_06 05.23 400,24
23 29_06 05.24 400,24
23 29_06 05.25 400,24
23 29_01 05.18 294,300
23 29_01 05.19 282,200
23 29_01 05.20 278,120
23 29_01 05.21 300,137
23 29_01 05.22 317,105
23 29_01 05.23 325,81 
23 29_01 05.24 325,65
23 29_01 05.25 338,33
23 29_01 05.25 338,33
23 23_01 05.23 419,344
23 23_01 05.24 350,267
23 23_01 01.44 265,245
23 14_01 05.26 418,283
23 14_01 05.27 408,205
23 14_01 05.28 408,158
23 14_01 05.29 408,110
23 14_01 05.30 378,90
23 14_01 05.31 378,66
23 14_01 05.31 378,57
23 14_01 05.31 360,54
23 22_02 05.41 250,332
23 22_02 05.42 275,295
23 22_02 05.43 239,248
23 29_04 05.59 323,50
23 29_05 05.59 392,70
23 29_04 06.00 323,80
23 29_05 06.00 392,100
23 29_04 06.01 315,96
23 29_05 06.01 384,107
23 29_04 06.02 304,128
23 29_05 06.02 392,130
23 29_04 06.03 298,156
23 29_05 06.03 392,160
23 29_04 06.04 302,200
23 29_05 06.04 414,237
23 29_04 06.05 274,318
23 29_05 06.05 414,310
23 14_02 06.10 328,42 
23 14_03 06.10 370,42